5,1
7,1
8,1
10,1
14,1
19,18
22,18
35,29
36,29
43,29
45,29
55,53
33,53
59,53
64,53
66,53
44,53
45,53
49,53
51,53
77,74
32,74
79,74
80,74
83,74
84,74
85,74
87,74
88,74
92,74
99,74
101,74
102,74
103,74
113,104
114,104
116,104
137,117
142,117
144,117
145,117
81,155
82,155
34,181
60,181
201,181
205,204
206,204
207,204
35,204
222,218
223,218
225,218
227,226
229,226
239,226
241,226
248,226
251,249
83,258
33,258
47,258
260,258
107,262
82,262
265,262
33,262
266,262
47,262
274,272
78,272
4,272
276,272
277,272
37,272
115,272
279,272
280,272
281,272
284,272
285,272
250,290
292,291
293,291
294,291
297,295
306,300
319,300
320,300
328,300
133,329
330,329
332,329
137,329
340,329
350,349
294,364
119,367
368,367
32,367
83,367
83,367
377,376
381,380
2,384
12,384
389,387
393,387
402,401
403,401
413,412
414,412
417,412
432,428
378,428
435,434
443,442
444,442
446,442
447,442
448,442
451,442
452,442
453,442
329,442
454,442
459,442
39,460
172,460
243,460
475,474
12,474
13,474
2,481
484,481
66,481
491,481
493,492
296,492
502,492
250,510
513,511
525,520
543,536
547,536
548,536
557,552
560,552
566,562
567,562
35,571
576,571
45,571
578,571
49,571
181,571
473,571
582,581
583,581
587,581
588,581
591,590
593,590
467,590
137,590
599,590
602,601
369,604
606,604
614,613
615,613
618,616
619,616
626,624
631,630
633,632
634,632
319,637
108,645
523,664
674,669
675,669
676,669
681,677
683,677
243,677
695,691
181,691
699,697
700,697
703,697
706,697
707,697
378,697
711,709
111,709
717,709
718,709
720,719
722,721
728,727
741,740
743,740
746,740
748,740
752,740
475,740
757,740
762,740
764,740
766,740
6,740
7,740
771,740
772,740
775,740
778,740
782,740
783,740
786,740
792,740
794,740
16,740
803,801
809,808
526,808
822,821
679,821
824,821
826,821
827,821
828,821
830,821
831,821
838,821
839,821
845,612
852,851
854,853
111,855
579,855
864,855
866,855
228,867
244,867
872,867
874,873
875,873
420,873
877,873
878,873
879,873
41,873
293,873
100,873
882,873
478,888
890,888
891,888
895,894
902,900
777,900
886,900
909,903
253,903
910,903
112,903
912,903
913,903
914,903
925,921
80,921
369,921
41,921
42,921
939,938
941,547
942,547
540,547
58,547
33,547
615,547
945,547
946,547
950,948
953,948
954,948
561,948
957,955
959,955
411,966
404,970
722,970
971,970
973,972
975,974
976,974
978,974
406,974
420,980
981,980
982,980
983,980
984,980
985,980
292,986
988,986
450,986
990,986
993,986
994,986
998,997
1001,997
1002,997
1003,997
1004,997
1013,1010
1024,1021
501,1021
504,1021
1030,1029
827,1029
1034,1029
1039,1038
1047,1038
1048,1038
1051,1050
385,1050
525,1050
1057,1056
172,1065
413,633
414,633
478,633
561,1068
385,1071
1082,1081
1084,1081
1086,1081
1102,1101
810,1101
8,1106
12,1106
1123,1121
1124,1121
944,1125
1127,1125
38,1128
1131,1128
1132,1128
23,1133
998,1135
1140,1138
711,1138
168,1138
1143,1138
776,1158
1166,1158
1167,1158
1172,1171
1176,1171
1179,1171
225,1171
1182,1180
78,1184
271,1184
111,1186
1189,1186
1190,1186
172,1186
1192,1186
612,1186
1196,1186
450,1199
1219,1218
1226,1218
1227,1218
1228,1218
1239,1237
1240,1237
866,1237
1245,1237
1078,1246
420,1246
1255,1254
1259,1254
1260,1254
1264,1261
309,1274
1275,1274
248,1274
751,1276
756,1276
758,1276
10,1276
786,1276
480,1276
1242,1281
941,1284
1285,1284
1286,1284
1127,1284
1289,1284
547,1284
536,1284
1290,1284
1291,1284
1293,1292
1294,1292
774,1310
1325,1322
180,1364
266,1364
1370,1364
190,1364
1376,1374
1377,1374
80,1374
1386,1374
1387,1374
1390,1374
679,1392
676,1392
1191,1401
85,1402
1403,1402
1350,1402
1412,1408
1420,1415
1425,1415
1428,1415
307,1415
1431,1415
1435,1415
1436,1415
1439,1415
1440,1415
1441,1415
1442,1415
322,1415
1443,1415
643,1415
1446,1415
1314,1415
1450,1415
1452,1415
1454,1415
1461,1458
854,1458
1462,1458
1464,1458
1465,1458
1479,1474
960,1474
826,1487
425,1487
1493,1487
1494,1487
1500,1495
548,1503
1526,1524
816,1530
1543,1530
450,1544
1545,1544
285,1544
530,1552
528,1552
841,1560
49,1560
1579,1560
89,1581
114,1581
115,1581
1594,1581
32,1599
980,1599
423,1599
293,1599
1563,1604
1435,1604
1613,1612
1618,1614
1619,1614
754,1614
1577,1614
270,1614
1625,1614
1652,1649
1638,1665
1673,1671
1695,1694
1666,1702
1704,1702
1670,1702
1650,1714
1716,1715
1758,1756
1798,1797
1802,1799
1803,1799
1805,1799
1811,1810
1812,1810
1820,308
1822,427
232,427
1631,427
1198,427
1833,427
1837,1836
1839,1836
296,317
1815,317
1817,317
284,317
1821,317
1778,1850
1631,1850
140,1850
1662,1855
1866,1864
1869,1864
1819,1864
284,1864
1872,1875
1879,1877
1885,1877
1888,1877
1898,1895
1902,1901
1657,1901
1906,1904
1908,1904
1920,1914
673,1914
1921,1914
1922,1914
38,1914
1923,1914
1629,1914
1927,1926
1931,1926
993,1926
1934,1926
1935,1926
296,1937
110,1937
1940,1937
1941,1937
243,1937
1399,1937
1949,1943
1953,1950
1954,1950
1956,1955
1958,1955
1959,1955
1962,1960
33,1960
105,1971
1974,1971
1839,1971
1983,1971
1984,46
55,46
82,46
33,46
170,46
49,46
78,83
82,83
1990,83
87,83
148,83
100,83
102,83
1991,83
55,1992
1999,771
411,771
2008,771
1949,771
2012,2010
2015,2014
2017,2014
2018,2014
2019,2014
2020,2014
2021,2014
576,2025
2026,2025
2027,2025
2028,2025
2030,2029
307,2029
2038,2033
951,2039
1618,2042
2043,2042
2044,2042
392,2042
1911,2045
35,1152
50,1152
308,2066
403,2070
497,2071
2072,2071
2073,2071
78,2075
82,2075
2079,2078
2083,2082
922,2093
54,1148
2097,652
679,652
463,652
464,652
2106,2105
2107,2105
1459,2115
2116,2115
2117,2115
2118,2115
2119,2115
564,2120
2128,2120
2129,2120
567,2120
417,636
2141,636
827,2142
157,1390
83,1390
369,1390
464,1390
100,1390
2147,1390
2149,708
2154,2151
74,2151
2158,2157
1222,2157
285,2157
2161,988
419,988
450,988
831,988
705,988
2159,988
2164,988
2166,2165
907,2165
2169,2165
112,2165
1067,2165
838,2165
2170,2165
743,800
750,800
2006,800
7,800
774,800
14,800
2171,800
107,2172
419,2172
831,2172
445,2175
456,2175
336,2184
156,2196
85,2196
931,2196
846,2198
2203,2202
666,2205
403,2205
2206,2205
408,2205
2210,1354
1346,1354
969,1354
1350,1354
1357,1354
2133,2214
2217,2214
2218,2214
99,2219
297,2227
716,2233
206,2235
370,2235
2238,2235
208,2235
2239,2235
2241,2235
204,2235
209,2235
215,2235
2244,2243
2246,2243
1535,2243
2251,2250
2253,2250
2255,2250
2258,2256
463,2256
112,2256
2259,898
369,2262
2268,2262
2269,2262
928,2262
2272,2262
2273,2262
2275,2262
2276,2262
1667,2277
2282,2277
69,2277
2287,2285
951,2285
1942,2285
2289,2285
419,995
679,995
824,995
823,995
450,995
831,995
1490,995
1389,995
2,2293
2070,2293
594,2293
2298,2293
598,2293
1014,739
261,739
271,739
296,2303
383,2303
845,2304
2311,908
1492,908
2315,908
31,2316
2318,2316
466,2316
35,2316
65,2316
51,2316
2322,2316
2323,2316
2324,2316
2326,2325
756,757
769,757
12,757
13,757
15,757
445,1043
369,1043
823,1043
462,1043
464,1043
991,1043
832,1043
142,1043
1047,1043
2332,2331
2333,2331
1592,1492
1650,752
1687,2402
1650,2414
2055,2422
2428,2422
255,2422
2130,2422
257,2422
2438,2434
1230,2434
2166,2439
2440,2439
2133,2439
2441,2439
869,2439
705,2439
2444,2439
871,2439
1014,2448
1015,2448
2449,2448
1020,2448
369,2451
1152,2451
2460,2459
541,2459
1013,2459
2462,2459
2463,2459
1020,2459
866,2459
2466,2459
989,2467
828,2467
833,2467
2469,2467
2,2471
2473,2471
409,2471
875,2476
461,2476
1189,2476
334,2476
2147,2476
2480,2476
2482,2481
2483,2481
445,2481
1498,2481
112,2481
2489,2481
420,1253
593,1253
2497,1253
2498,1253
1498,2500
450,2500
285,2500
2503,2502
2461,2502
2507,2502
1133,2502
256,2502
827,2508
2510,2508
2511,2508
1013,2513
1010,2513
1017,2513
1240,2517
2525,2524
556,2530
2535,2534
528,1553
2541,2540
285,1224
823,2552
829,2552
830,2552
1399,2552
2553,2552
943,2554
2556,2554
2557,2554
1301,2554
2566,2563
1499,2563
2572,2563
593,2574
2020,2574
599,2574
2578,2577
39,2577
2581,2579
2582,2579
41,2579
2450,2579
2589,2579
823,2590
2592,2590
828,2590
832,2590
833,2590
2595,2590
2600,2599
228,2599
2603,2599
2257,2599
2606,2599
2607,2599
2608,2599
2609,2599
2611,2610
2612,2610
2613,2610
827,2610
2616,2615
1564,2615
526,2615
721,2615
726,2615
232,2620
679,2620
584,2620
112,2620
468,2620
2625,2620
2631,2630
756,2630
424,2630
2637,2634
470,2634
2246,2639
2231,2639
262,1262
2,2647
2560,2647
1109,2649
2654,2649
540,2655
659,2655
1039,2658
244,2658
695,2658
181,2658
2666,2661
2668,2667
38,2667
2669,2667
636,2667
660,2667
2673,2672
424,2672
912,2672
41,2672
914,2672
1397,2672
23,2676
537,2688
420,2688
1304,2688
187,1543
2692,1543
1350,1543
181,1543
1031,2693
1221,2693
1566,2693
2442,2693
2694,2693
1045,2693
951,2693
1225,2693
244,2693
285,2693
1273,2693
2703,2603
2713,2708
2719,2717
599,2721
385,2730
754,2730
757,2730
769,2730
15,2730
2733,2731
2739,2734
2741,2734
2715,2734
698,2742
708,2742
2744,2743
82,1191
336,1191
722,1191
336,2521
2747,2746
539,2746
2750,2746
2442,2772
2777,2772
835,2772
2779,2778
450,2783
914,2783
2786,2785
2788,2785
411,1624
891,1624
898,2799
1926,2799
679,2804
2808,2804
2810,2809
2812,2809
90,2809
2206,2823
2825,2823
2830,2829
2831,2829
12,2829
216,2829
850,2829
846,2832
2833,2832
411,2832
944,2832
1084,2832
1166,2832
891,2832
2836,2832
1094,2832
435,2837
2838,2837
1566,2837
1940,2837
2839,2837
2841,2837
471,2837
2842,2837
2700,2837
402,2844
2845,2844
572,2850
2852,1298
941,2853
2855,2853
2864,2860
2865,2860
1127,2868
1166,2868
2040,2873
2874,2873
2437,2873
2875,2873
2882,2881
579,2885
2893,2885
2172,2894
2895,2894
908,2894
39,2896
115,2897
951,2897
285,2897
289,2897
218,2899
2039,2904
2438,2904
2564,2909
2565,2909
2566,2909
2047,2909
1814,2909
1499,2909
2100,2913
2915,2914
419,2917
679,2917
2169,2917
112,2917
2924,2921
2927,2926
673,2929
38,2929
2934,2933
2943,2938
2965,2963
2966,2963
2968,2963
2129,2963
2970,2963
416,2972
2976,2975
662,2975
2048,2980
2986,2985
1043,2985
2230,2985
2147,2985
605,2991
2993,2991
2995,2991
757,2999
1181,3003
3010,3009
3016,3014
3031,3029
309,3042
2244,3042
2572,3049
285,3053
994,3053
2777,3053
3055,1234
1618,3056
3058,3057
3065,3064
2737,3064
2562,3064
78,3068
1313,3069
274,3072
3073,3072
3077,3072
3079,3072
3080,3072
3083,3072
3085,3072
3086,3072
2263,3088
1222,3088
987,3088
3092,3088
991,3088
2274,3088
3097,3088
435,3099
542,3099
906,3101
334,3101
143,3101
579,3101
1196,3101
2770,3104
1052,3104
3108,3104
3110,3104
1447,3113
3115,3114
3116,3114
1207,3117
3122,3121
2802,3121
649,3121
385,3121
3123,3121
2522,3121
250,3126
2450,3126
250,3127
3128,3127
232,3129
3131,3129
3134,3133
3137,3135
3139,3138
2670,3138
825,3140
3145,3140
3153,3151
1078,3154
3155,3154
3156,3154
3157,3154
1012,3154
676,3154
3075,3159
3160,3159
3161,3159
3163,3159
3164,3159
3165,3159
3168,3167
122,3167
711,3167
232,3174
124,3174
423,3174
1251,3174
1468,3179
2763,3180
679,3181
1915,3186
124,3186
1012,3186
2663,3186
3191,3186
466,3186
3192,3186
607,3186
2562,3186
3197,3186
3198,3186
3200,3186
1196,3186
3205,3202
2275,3202
751,3208
3211,3208
3212,3208
597,3208
2021,3208
1488,3217
833,3217
3221,3217
3222,3217
3223,3217
1088,3226
1286,3226
3228,3227
3229,3227
3230,3227
448,3231
3235,3231
2606,3237
3240,3237
33,3248
819,3249
3256,3253
3257,3253
3259,3253
3260,3253
1233,3253
3040,3253
1080,3253
3264,3253
3266,3253
3270,3269
3274,3269
676,3275
530,3278
2747,3291
309,3291
679,3296
823,3296
824,3296
112,3296
827,3296
3301,3296
2932,3296
3303,3302
1238,3304
3309,3305
3310,3305
3318,3316
3321,3316
453,3316
3323,3316
2730,3325
2056,3327
1042,3327
243,3327
827,3331
2616,3334
3335,3334
3337,3334
3338,3334
1305,3334
2615,3334
3357,3349
3364,3363
3365,3363
3366,3363
3368,3367
3369,3367
3372,3370
3373,3370
3374,3370
3074,3377
3378,3377
287,3377
956,3382
3383,3382
1917,3382
3384,3382
2105,3382
2429,3382
2827,3382
3388,3382
3389,3382
2107,3382
2614,3382
1078,3391
2222,3391
423,3391
2521,3391
1240,3391
270,3391
3395,3391
1191,3391
1999,3397
411,3397
2855,3397
944,3397
3215,3399
112,3333
956,3414
2769,3414
3415,3414
1071,3414
3421,3417
3422,3417
3425,3424
947,3424
1285,3427
406,3434
383,3434
2564,3440
1927,3440
1814,3440
2472,3440
2909,3440
294,3440
756,3445
12,3445
777,3445
243,3445
478,3445
2730,3445
13,3445
3450,3449
3451,3449
745,3452
3454,3452
3455,3452
916,3452
3461,3452
1294,3452
233,3464
2186,3464
226,3464
3466,3464
232,3472
2097,3472
3473,3472
2996,3472
3477,3472
2274,3472
317,3479
318,3479
36,3481
2901,3485
2790,3492
987,3496
679,3496
1566,3501
3502,3501
1273,3501
3509,3505
3513,3510
3514,3510
232,236
296,236
1941,236
244,236
2267,3516
417,3516
3524,3523
491,3523
3310,3531
3545,3538
1076,3548
2,3549
483,3550
3540,3550
3557,3556
501,3556
1026,3556
3569,3568
83,3568
204,3568
178,3568
1297,3480
3571,3570
945,3570
801,3572
682,3574
871,3574
3578,3576
3579,3576
679,3581
272,3426
3584,3426
1182,3426
3587,3426
244,3426
3589,3426
2156,3426
413,3591
632,3591
3592,3591
13,3591
206,3593
3596,3593
3597,3593
2763,3593
2766,3593
3453,3599
2294,3599
941,3600
1617,3600
3601,3600
2853,3600
262,3600
547,3600
1624,3600
3605,3604
3605,3604
211,3604
204,3604
3610,3604
3610,3604
3612,3604
3615,3604
794,3604
2171,3604
217,3604
2618,3617
406,3617
2666,3617
3624,3619
946,1288
3102,3627
464,3627
1189,3627
466,3627
2101,3627
172,3627
334,3627
832,3627
2480,3627
1194,3629
1094,3629
3119,3635
2845,3636
2556,3636
3637,3636
336,3636
3642,3636
398,3636
1943,3636
1078,1248
3646,1248
2450,1248
1251,1248
1020,1248
3595,3648
445,3649
823,3649
2590,3649
3654,3649
2180,3649
455,3649
1494,3649
3660,3657
3661,3657
2821,3657
1232,3665
1235,3665
3670,3665
969,3671
982,3674
2175,3674
3681,3674
2978,3280
2975,3280
3682,3280
2669,3280
3684,3280
711,3685
223,3685
1221,3689
3695,3689
951,3689
285,3689
285,3689
356,3703
2503,3705
369,3705
3707,3705
2430,3705
2130,3705
1935,3705
257,3705
1936,3705
2099,3709
3102,3709
3103,3709
652,3709
367,3714
1040,3714
133,3714
1189,3714
172,3714
82,3720
2516,3720
928,3720
914,3720
100,3720
591,3116
83,3725
1066,3725
2846,3725
258,3725
2847,3725
2764,3728
2642,3728
1004,3733
2154,3733
2253,3734
3211,3734
406,3734
3739,3734
597,3734
2021,3734
3740,3734
111,3741
392,3744
2765,3744
2871,3744
1096,3748
42,3748
329,3748
3200,3748
2744,3752
1915,3752
3753,3752
1012,3752
3754,3752
2296,3752
3756,3752
2019,3752
2260,3463
645,3763
1379,3768
679,3768
2441,3768
1242,3768
3153,3214
419,3771
835,3771
3779,3776
917,3776
1768,3776
1067,3776
124,3780
172,3780
80,3783
649,3783
2522,3783
3786,3784
3790,3789
2656,3791
3792,3791
3797,3796
2731,3796
419,3796
2774,3796
133,3796
3799,3796
824,3796
112,3796
835,3796
1494,3796
538,3251
3805,3251
3807,3251
3808,3251
2300,3251
70,3251
3812,3251
3813,3251
1399,3814
3819,3814
1802,3841
3843,3842
1948,3842
3849,3848
3859,3858
3865,3864
1431,3864
2083,3864
1967,3866
3,3882
3883,3882
3888,2726
78,2292
164,2292
823,2292
911,2292
104,2292
371,2842
1928,2842
109,2842
824,2842
110,2842
39,2842
834,2842
2841,2842
3896,2842
172,3898
334,3898
3899,1739
3910,804
3911,804
3914,804
2,625
827,625
2491,625
3926,2847
182,2847
2,2847
3524,2847
491,2847
827,3927
2261,3927
244,3927
2636,3931
1577,3934
3937,3935
2117,3952
3957,647
743,778
746,778
754,778
7,778
770,778
774,778
12,778
775,778
792,778
794,778
3853,3355
777,3355
1112,3964
3965,3964
32,907
78,907
82,907
252,907
421,907
169,907
1014,1080
3968,3967
1570,957
2132,3971
38,3971
2135,3971
2636,2097
419,2097
679,2097
2692,2097
2594,2097
470,2097
2274,2097
838,2097
2,3405
1260,3405
1393,3974
19,3974
250,3974
3979,3974
772,3974
1265,3974
1851,3988
39,3988
3991,3990
3992,3990
415,3990
3993,3990
1039,420
843,420
879,420
1047,420
2131,420
676,420
4003,3048
4004,3048
244,3048
2294,4007
1245,4007
2049,4007
679,4013
825,4013
402,4015
1024,4015
2663,4015
607,4015
4016,4015
2568,4015
679,585
3301,585
2623,585
2159,585
589,585
1550,585
2572,2576
1297,3371
3372,3371
3374,3371
1915,1123
431,1123
2297,1123
4037,4036
4042,4041
810,4041
4045,4044
4046,4044
2123,2430
23,2430
478,2430
1020,2430
2611,2106
2107,2106
4051,4050
2489,4058
4059,1170
4061,2857
78,1150
35,1150
50,1150
2147,2674
827,4072
2179,4072
4073,4072
2638,4072
2149,4078
1618,4082
607,4088
3466,4088
4092,3059
419,2595
2626,2595
1120,4093
423,879
4099,4098
1926,4098
4100,4098
4101,4098
1100,4098
369,902
2518,902
3667,902
3962,902
334,902
470,4103
4111,4110
463,4114
1491,4114
2044,2656
576,4122
2026,4122
4123,2632
4124,2632
252,2632
4128,4127
4132,968
209,4133
2013,4133
690,4135
4140,4139
4141,4139
679,688
4145,688
838,688
115,2269
4147,2269
2294,4150
133,619
4154,4152
182,4159
206,4159
210,4159
4161,4160
2210,4160
824,4163
3770,4163
3353,4168
4170,4168
12,4168
1123,1124
1123,1124
49,4178
2257,629
895,947
3580,947
274,943
1297,943
2662,943
2558,943
3374,943
470,443
4188,443
1009,4189
3215,4189
2518,572
385,572
473,572
272,4192
274,4192
4193,4192
285,2145
809,4197
722,4197
527,4197
4202,4200
294,4204
1855,4214
2531,4217
560,4217
4233,1578
244,1578
3995,4236
112,4236
4241,4236
898,4236
668,4236
4242,4236
4248,4245
4249,4245
3797,4252
4013,4252
285,4252
3219,4257
4260,4258
309,4258
141,4258
703,4263
3820,4263
4268,4263
4272,4269
2017,4274
46,4274
1500,1501
621,4277
4282,4281
4283,4281
1215,4281
411,4292
4295,4294
4296,4294
827,4294
2807,4294
81,4300
253,4300
912,4300
4302,4300
914,4300
4303,4300
4306,4305
1371,4305
636,4308
528,4308
4268,4312
4327,4325
4331,4330
4332,4330
1589,4330
4333,4330
4276,4334
112,4334
2665,4339
827,4344
1260,4346
3158,4352
564,4352
2747,4353
539,4353
2474,4353
660,4353
987,4357
112,4357
827,4357
4360,4357
2274,4357
376,4361
827,4361
23,4364
4367,4364
4370,4369
4372,4369
1556,4369
411,4369
1131,4369
2040,4373
4375,4373
2435,4373
2269,4373
4,4373
321,4373
2273,4373
4379,4373
4381,4380
3608,4380
890,4380
29,4380
841,4380
1579,4380
3152,4388
2438,4388
4391,4390
209,4390
1191,4393
33,4395
946,4395
1187,4407
1040,4407
330,4407
4408,4407
336,4407
133,4409
136,4409
334,4409
2147,4409
2027,4409
1379,4413
711,4413
4424,4420
2889,4420
4193,4425
4376,4425
279,4425
4147,4425
4427,4425
3239,4429
4430,4429
285,4429
1334,1688
2352,2351
4454,4453
140,1916
1811,4486
4491,4489
2307,4495
368,4496
39,4496
293,4496
4499,4496
2332,4501
3825,4501
643,4501
643,4506
4509,4508
4510,4508
1966,4508
1767,4508
615,4508
1969,4508
4488,4518
294,4518
253,909
4519,909
1650,1878
1994,1878
4539,4537
1854,4540
172,4547
336,4547
532,3459
2133,4571
4574,4571
4576,4575
4585,4581
828,4581
46,4581
1096,1497
827,1497
285,1497
4587,4586
4594,4593
1667,4598
4601,4600
1086,4603
932,4603
294,4603
232,4604
124,4612
407,4614
2896,4615
4617,4616
2972,4622
4625,4623
13,4627
3083,4628
287,4628
3344,4634
4636,4635
625,4635
2296,4637
4638,4637
4639,4637
2019,4637
4640,4637
3110,3109
228,4642
2186,4642
1275,4642
4306,4642
3466,4642
2269,4643
4647,4643
4649,4643
1107,4652
4663,4662
4673,3855
2364,4677
1839,4686
1826,4700
4702,4700
4499,4266
1672,4713
3899,307
4725,4724
524,4724
526,4724
4740,4739
4741,4739
370,4739
4743,4739
4745,4739
1009,4739
2723,4739
1005,4739
4749,4739
2261,4750
650,4750
4363,4750
1951,4753
431,4757
4758,4757
3771,4757
455,4764
112,4764
116,4764
4772,4770
2970,4770
4779,4778
1147,4780
4382,4780
4383,4780
4380,4780
701,4783
4788,4784
250,4789
4790,4789
4791,4789
4792,4789
4793,4789
4758,4789
833,4789
705,4789
285,4789
2807,4789
4795,4789
4800,4798
3363,4798
4804,4802
523,4806
524,4806
39,4806
4810,4809
4811,4809
4818,4816
4819,4816
4820,4816
3122,4821
2763,4821
956,4825
2769,4825
4830,4826
4835,4834
3102,4834
3713,4834
4837,4834
2656,4845
1917,4845
2044,4845
4797,4845
4848,4847
3637,4847
369,4851
4854,4851
2224,4851
92,4851
2430,4851
261,4851
4862,4861
41,4861
3786,4861
880,4861
4863,4861
2479,4861
4866,4864
825,4864
4124,4868
4871,4868
2633,4868
2962,4868
3229,4873
4875,4874
1559,4874
4276,4877
250,4877
4878,4877
4879,4877
4880,4877
4291,4877
4867,4877
4883,4877
510,4877
4885,4884
819,4884
1842,4892
4898,4896
941,4899
3318,4907
4908,4907
4910,4907
3511,4913
4916,4915
4370,4915
635,4915
530,4915
4919,4918
4922,4920
4928,4927
4507,4927
419,4929
112,4929
4941,4936
2423,4950
4921,4950
3742,4950
1917,4950
4952,4950
4597,4950
2429,4950
819,4950
4953,4950
4925,4950
1495,4955
3074,4959
4960,4959
2138,4959
4964,4959
4967,4965
2034,4965
4969,4965
285,4965
1230,4965
4975,4974
4976,4974
3110,4978
2843,4980
1308,4982
3073,4984
4147,4984
3084,4984
3814,4984
3821,4984
3600,4985
4988,4985
4989,4985
891,4985
4992,4991
415,4998
3077,4998
632,4998
4999,4998
416,4998
4365,5000
4364,5000
329,5000
555,5001
4908,5007
461,5007
82,5007
2518,5007
3321,5007
1066,5007
5017,5007
2672,5007
464,5007
169,5007
111,5007
138,5007
2517,5007
4909,5007
5000,5007
41,5007
5025,5007
4837,5007
1196,5007
7,5032
5033,5032
433,5042
5047,5046
2450,5054
164,5055
5057,5055
5064,5063
670,5065
1968,5065
5072,5070
5081,4895
5084,5083
5101,5100
5118,5115
5053,5119
1873,3850
5126,3412
1858,3412
1817,4033
55,5140
1823,5141
1631,5141
1748,5143
5145,5143
5146,5143
5147,5143
5161,5160
5162,5160
1817,5160
1817,5164
1966,3838
5166,3838
39,3838
5057,3838
1969,3838
673,38
5172,38
128,1395
5177,5174
5178,5174
5179,5174
5181,5180
1815,5182
128,1997
5185,1997
293,5186
344,5187
4916,5222
942,5222
5223,5222
5224,5222
5227,5222
493,5231
1965,5231
614,5231
296,328
950,328
5241,5240
5242,5240
5247,5243
5170,5250
5238,5250
5253,5250
954,5250
5255,5250
1973,2068
577,5256
5273,5270
5274,5270
1815,318
1466,318
284,318
7,5280
1968,190
5290,5287
1942,5287
285,5287
2289,5287
5250,5287
5294,1453
1812,5327
1631,1827
843,5122
1643,4935
5369,5031
5339,5031
5379,5375
5380,5375
5383,5382
1819,1845
5181,5392
5394,5392
5395,5392
1693,5400
5401,5400
1053,5407
843,5415
5424,5423
5425,5423
1952,5426
2133,5428
3819,5429
3820,5429
4263,5429
2591,5432
5435,5432
463,5436
285,5448
182,5449
941,5449
274,5449
744,5449
956,5449
2769,5449
3383,5449
804,5449
4339,5449
902,5449
2665,5449
5065,5449
3578,5450
5451,5450
5218,5450
525,5450
3580,5450
5452,5450
5427,5453
3417,5460
3341,5461
272,5461
5288,5461
4193,5461
804,5461
279,5461
3572,5461
951,5461
4988,5461
5463,5461
2288,5461
711,5470
756,2301
676,2301
229,5476
5477,5476
5478,5476
597,2255
2020,2255
2021,2255
4090,5480
5484,5480
5485,5480
1980,5480
5488,5487
5167,5492
322,3209
5497,5494
1574,5494
5500,5494
455,5501
219,5503
124,5504
85,5509
5512,5509
2806,2567
5516,5515
2839,5518
530,4372
531,4372
227,3797
1014,3797
2623,3797
4145,3797
2597,3797
2626,3797
2788,5526
2635,5527
2636,5527
1813,5527
2472,5527
5533,5532
2254,5532
1536,5532
5115,5532
4683,5534
5290,5537
5545,5542
115,5546
1650,5232
1966,5232
5557,5556
3850,5556
4690,5561
1811,1449
4494,1449
4690,1449
5566,5565
5371,5575
296,3086
1541,3086
5536,5580
1429,5580
5559,5593
5238,5289
3850,314
5238,5602
5101,885
2,5619
128,5623
140,5623
5625,5623
5629,5628
5631,5261
39,3387
5169,5634
5638,5636
5645,5644
5558,5644
1865,5647
5650,5647
4564,5647
2455,5654
2083,5656
5659,5658
5620,5658
5667,5666
5672,5671
5673,5671
813,814
556,814
5677,5676
5678,5676
228,5680
247,5680
1625,5680
5682,5681
3940,5683
2230,5683
4042,5683
1522,5683
46,5684
262,5684
5508,5685
5686,5685
33,5685
266,5685
46,5685
47,5685
29,5685
3726,2431
23,2431
673,5689
38,5689
231,4403
1127,4403
3893,4403
1290,4403
666,409
620,409
817,409
1162,409
405,409
1163,409
932,409
1656,2382
1592,5701
348,1764
2332,5724
1721,5733
5749,1772
3902,1832
1644,1832
356,843
673,843
1632,1823
1692,2892
5760,5759
4509,82
3536,82
5761,82
78,82
1395,82
83,82
133,82
3996,82
91,82
1468,82
417,82
1970,82
615,502
504,502
1027,502
946,502
85,3979
5768,3979
5769,3979
4653,3979
5774,5773
4686,5773
441,5773
231,3554
2331,3554
5779,3554
69,3554
548,3554
4329,3554
5783,1949
1845,1949
3623,1949
5787,4359
5789,5788
128,147
129,147
133,147
5792,147
4631,147
5794,147
1642,1057
2307,1057
5803,1857
1822,1865
1601,5813
5814,5813
5815,5813
1809,5813
5816,5813
1901,5819
39,5819
731,5827
5829,5828
1830,5828
1831,5828
1795,5828
5830,5828
4401,5828
1966,431
4497,1027
1896,1027
5269,1027
5834,5833
4,5835
5837,5836
1086,5842
1093,5842
551,5842
1030,5848
112,5848
386,5849
3310,5857
5860,2541
38,5861
1519,5861
5065,5861
5863,4771
4774,4771
1935,4771
960,5864
2895,4569
2172,1267
419,1267
371,1267
112,1267
705,1267
5873,5872
5874,5872
85,1407
5875,1407
5876,1407
5878,5877
5879,5877
1286,5882
229,3821
1938,3821
3817,3821
4268,3821
445,5885
90,5886
187,3483
181,3483
951,5887
5890,5887
2303,5887
4153,5891
5894,5892
810,5895
336,5899
1046,5899
5904,5899
2017,5905
3558,5905
272,3378
2662,3378
2137,3378
3085,3378
3310,5909
2846,5909
2133,5913
2259,5913
2261,5913
46,4415
49,4384
765,5928
270,5928
233,5936
5514,5936
3670,5936
1566,5937
1118,5937
1272,5937
4054,5937
2188,5937
5939,5937
5940,5937
285,5937
1539,5937
2234,5943
2233,5943
4120,5945
38,5945
1519,5945
5951,5950
1535,3626
4124,4870
252,4870
675,4870
4813,5955
2635,5955
2636,5955
5956,5955
5958,5957
922,5961
2112,5961
935,5961
80,5963
3298,5965
445,5965
1042,5965
3393,5965
2442,5965
1045,5965
2174,5965
2170,5965
4169,5966
3353,5966
3357,5966
774,5966
5967,5966
1030,5968
2583,5968
82,5968
5969,5968
5970,5968
464,5968
111,5968
41,5968
2478,5968
523,5989
1102,5989
124,5991
4777,5996
519,5996
2666,5998
3646,6000
2593,6000
578,6000
6001,3729
586,4362
827,6006
3679,6006
996,6006
2181,6006
4572,3658
3661,3658
4924,3658
666,6009
405,6009
232,6011
411,6012
891,6012
344,6014
4302,5454
2279,6020
279,6020
6022,6020
6023,6020
69,6020
6024,6020
6025,6020
1192,6020
1187,4908
78,4908
143,4908
6029,4908
6031,6030
232,6034
2325,6034
1915,6036
1014,6042
1942,6043
272,3080
274,3080
6048,3080
4426,3080
2662,3080
307,3080
4378,3080
111,3080
279,3080
3077,3080
3083,3080
881,3080
3085,3080
608,6050
1084,6050
612,6050
2293,6050
6051,6050
1553,4828
1566,4828
3822,4828
6054,4785
6055,4785
2141,4785
1077,6058
3155,6058
3156,6058
1650,6058
1015,6058
2450,6058
6060,2
3857,1800
5391,5241
146,5241
6068,5241
5368,5276
3045,4401
896,4401
5306,5632
5753,5242
1198,4755
1619,6091
1917,6091
6093,6091
673,6091
4518,6091
38,6091
5122,6091
6094,6091
1027,6091
960,6091
1914,6091
1181,2438
1605,2438
1810,2438
470,2438
6099,2438
275,4378
4194,4378
6107,4378
5561,4378
1435,4378
279,4378
282,4378
3085,4378
5281,4378
463,826
705,826
1492,826
2638,826
6110,826
6112,6111
6116,4743
3541,2427
38,2427
2429,2427
6122,2427
3130,1030
244,1030
705,1030
2423,6128
263,6128
55,6128
6132,6128
1966,6128
6137,6128
1706,6128
2689,6128
1779,6128
6144,6128
6147,6128
6150,6128
6152,6128
6154,6128
3718,6128
6167,6128
4513,6128
1417,6172
2040,6172
2437,6172
3926,3727
6153,3727
91,3727
2332,6182
1822,6184
6185,485
6186,485
193,485
66,485
2547,485
2129,6192
243,6196
2213,3396
294,3396
275,6201
3,6201
354,6201
4,6201
12,6201
1741,6201
13,6201
14,6201
3850,6201
6203,6201
15,6201
479,6201
6205,1906
6210,6208
5154,6216
1767,6219
1723,1778
5050,1778
6231,6230
1650,6230
1651,6230
5559,3609
6239,3609
4401,6240
4511,6242
6254,6253
308,6256
317,6256
3374,6256
827,6261
1045,6263
1200,4790
1826,4790
3762,4790
3599,6266
4569,6266
6271,6266
6274,6273
819,6280
2192,6280
1260,6283
3253,6285
6287,6286
3168,6288
3157,6288
1248,6288
1190,6288
6294,6300
6301,6300
699,6309
2153,6311
2154,6311
6313,6311
2028,6311
1136,6311
3507,6316
905,6316
3509,6316
1169,6316
244,6316
2159,6316
1230,6316
427,6316
6321,6318
285,6318
3814,6318
6324,6323
1546,6329
6333,6331
6336,6331
4346,6341
6344,6341
3341,6345
3341,6345
275,6345
6347,6345
1334,6345
243,6345
5769,6345
294,6345
1243,3230
1912,3230
2434,6351
6352,4805
2609,4805
6353,4805
3506,4967
2034,4967
46,4967
6354,4967
2763,6355
6357,6356
5782,6356
1597,6356
339,6358
3212,6359
1155,6370
233,6370
450,6370
533,6373
6375,6373
4469,4358
5094,6377
4134,6377
3557,6379
819,6379
757,6383
777,6383
3212,6383
786,6383
1031,6384
3292,6386
524,6386
6387,6386
6393,6389
6331,6389
5459,6389
4775,6389
553,6403
3690,6403
1096,6403
6404,6403
6405,6403
2701,6403
833,3220
206,6407
6409,6408
6361,6408
6414,6413
854,6416
3076,6420
2137,6420
1260,1256
307,4576
5370,4576
4528,441
1650,5120
5672,1980
5339,5536
6442,5536
1812,5536
1198,6443
5269,5566
1984,615
55,615
6444,615
1706,615
1767,615
5419,615
5399,615
5053,2073
6452,4119
284,4119
128,169
1706,169
6459,6458
4488,6460
294,6460
2258,6465
2163,6465
1275,6472
6474,6472
6475,6472
78,6476
111,6478
90,6478
2588,6478
407,6496
294,6498
494,6502
3963,6502
757,6502
6503,6502
503,6502
492,6502
784,6502
6504,6502
4803,6509
6494,6509
2977,6499
6514,6499
5004,6516
1274,6521
6522,6521
6532,6531
2222,6536
6542,6536
29,6536
272,6545
272,6545
6546,6545
1477,6545
6048,6545
6408,6545
3081,6545
3083,6545
6549,6545
6550,6545
6551,6545
178,6545
3595,6553
3947,6553
6557,6525
827,6558
1371,6571
847,6576
6581,6579
6589,6588
4353,6590
1025,6598
5269,6598
3557,6599
4951,6603
232,6603
6606,6603
6607,6530
530,6530
1131,6530
3685,6609
2153,6609
3309,6609
244,6609
6569,6615
6620,6619
6626,6625
1553,4827
1617,4827
1366,4827
4829,4827
3822,4827
530,4827
1627,4827
6619,6632
6634,6632
6618,6639
3594,6642
3595,6642
6602,6642
3595,6647
3197,6647
2758,6653
5690,6653
4403,6653
6474,6653
530,6659
4310,6659
1618,6660
5004,6661
6495,6661
6517,6661
6654,6669
3538,6672
3550,6672
481,6672
849,6680
3548,6689
3312,6689
3502,6690
406,6692
5006,6695
6696,6695
4808,6699
6686,6700
6701,6700
3312,6700
6493,6511
6583,6585
4828,4830
3822,4830
530,4830
636,4830
6633,6705
5004,6709
2133,6712
3216,6714
2670,6715
6716,6715
3595,6721
3595,6723
530,6727
3595,6729
209,6729
526,6729
6711,6731
6557,6526
4291,6733
3550,6733
6673,6733
3561,6733
5004,6734
6711,6734
6570,6734
2635,6633
6272,6736
3594,6736
4726,6736
523,6736
4822,6736
407,6736
1308,6739
3594,6497
6740,6497
6743,6742
3563,6744
505,6744
6745,6744
1917,6746
2133,6746
3139,6751
2754,6756
6757,6756
2664,6760
4808,6760
1522,6760
820,6760
4916,6762
6763,6762
466,6762
6765,6762
2942,6762
835,6762
3312,6766
280,6768
6697,6768
285,6768
660,6768
2669,6770
6771,6770
3812,6770
524,6772
6664,6772
3153,6772
6776,6775
5050,1723
2351,6787
1637,6793
757,6798
2730,6798
16,6798
5004,6801
4801,6801
280,6679
6697,6679
285,6679
660,6679
272,6549
274,6549
1187,6549
4,6549
1045,6549
46,6549
4385,6549
481,4983
243,6568
1559,6816
182,6817
64,6817
46,6817
866,6818
776,6821
1165,6821
1166,6821
1167,6821
790,6821
6581,6570
2669,6825
6820,6825
3820,6825
439,6828
294,6828
2939,6834
39,6834
4551,6842
6848,6846
6849,6846
6820,6853
2656,6517
1308,6517
1618,6517
2423,6855
4926,6855
3008,6858
1477,6859
1565,6859
3547,6514
2133,6514
2977,6514
504,6514
2474,6514
2300,6514
516,6860
540,6861
6092,6861
4396,6861
1519,6861
548,6861
4575,6864
1132,6728
1814,6873
2670,6873
4749,6873
489,6873
530,6879
133,6880
2694,6887
5937,6887
2842,6887
3283,6800
3542,6800
489,6800
1919,6891
6894,6891
548,6896
5004,6510
6899,6898
537,6898
6900,6898
540,6898
542,6898
2671,6898
4397,6898
6903,6902
2758,6906
419,6906
6474,6906
3102,6908
145,6908
329,6908
2427,6917
6920,6919
958,6551
961,6551
6552,6551
3102,6930
142,6930
230,6932
238,6932
951,6932
4801,6932
285,6932
6698,6932
397,6932
1290,6932
228,6934
1975,6934
2186,6934
1917,6934
2838,6934
6937,6934
3466,6934
3670,6934
2700,6934
924,2002
3902,6942
1650,1703
6073,1898
1667,6974
381,3603
396,6976
381,6976
396,6977
381,6977
396,6978
381,6978
396,6979
381,6979
396,6980
381,6980
396,6981
381,6981
396,6982
381,6982
396,6983
381,6983
396,6984
381,6984
396,6985
381,6985
396,6986
381,6986
396,6987
381,6987
396,6988
381,6988
396,6989
381,6989
396,6990
381,6990
396,6991
381,6991
2669,6994
827,6998
285,6998
7003,6998
3120,6998
1617,7007
232,7007
124,7007
1934,7007
7010,7007
3571,7015
7017,7015
3337,7015
7024,7020
5771,7020
1158,7020
1084,7020
1127,7020
294,7020
486,7031
7033,7031
7035,7031
819,7036
4283,7037
819,7037
7043,7037
2220,7048
1566,7048
1497,7048
3091,7048
6627,7048
2694,7048
5939,7048
6550,7048
7051,7048
5937,7048
2842,7048
3765,7054
4210,7054
3766,7054
3767,7054
510,7055
2488,7055
1210,7055
7062,7061
2256,7061
6317,7061
7063,7061
112,7061
5845,7061
1045,7061
243,7061
2103,7061
2159,7061
994,7061
2164,7061
4989,7064
2825,7069
2991,7069
991,7069
244,7069
7071,7069
250,7073
2613,7073
2610,7073
4291,7073
7074,7073
2107,7073
513,7073
4253,7075
2295,7075
3599,7075
103,7075
3463,7076
19,7079
250,7079
6822,7079
4575,7081
326,7081
1822,7087
232,7087
2954,7087
285,7087
7091,7089
3536,7094
4908,7094
464,7094
2521,7094
7096,7094
912,7094
575,7094
232,7097
7098,7097
2097,7097
587,7097
2806,7097
993,7097
285,7097
7102,7101
3569,7101
1286,7105
890,7105
381,7105
1291,7105
419,7107
7108,7107
831,7107
2517,7107
871,7107
3178,7107
272,7110
2635,7110
2636,7110
3080,7110
284,7110
7116,7115
6044,7115
7117,7115
7118,7115
2839,7115
2840,7115
7123,7115
560,7115
7125,7115
6272,7127
3594,7127
3595,7127
6602,7127
7133,7123
2840,7123
7134,7123
6043,7123
2787,7139
7140,7139
3364,7141
890,7142
3214,7144
7130,7144
2849,7144
1298,7144
3453,7144
4593,7144
4793,7144
7150,7144
914,7151
2640,7154
2972,7155
7161,7155
1005,7155
7162,7155
6125,7164
1494,7164
1534,7168
2732,7171
5453,7171
4300,7171
7176,7174
3129,7174
7014,7174
4253,7177
2441,7177
112,7177
444,7179
419,7179
445,7179
7180,7179
821,7179
2097,7183
419,7183
908,7183
831,7183
705,7183
7185,7183
835,7183
2482,7186
1394,7186
4246,7186
4245,7186
23,7186
4871,7186
3770,7186
256,7186
7192,7186
4251,7186
3392,7196
7199,7196
758,7196
2521,7196
12,7196
3212,7196
2730,7196
6504,7196
270,7196
13,7196
789,7196
2825,7201
7207,7204
7208,7204
1004,7204
3145,7204
2262,7204
3,7218
7,7218
7220,7219
2736,7223
7224,7223
564,7228
6067,2148
7233,7230
5002,7234
555,7234
556,7234
7238,7237
951,7240
465,7241
3532,7241
244,7241
2096,7241
4244,7241
7248,7247
38,7256
2695,7257
4855,7257
7260,7259
891,7259
7261,3972
2135,3972
112,7264
427,7264
1399,7264
137,7269
803,5484
7277,5484
90,7278
261,7278
3263,7282
7284,3758
411,2134
1054,2878
3977,7290
2453,2458
5654,2458
2636,2282
1836,2282
58,2282
502,2282
271,7301
7303,7302
1637,7308
710,2454
7311,2454
7312,2454
5654,2454
7316,7315
261,7318
2514,7318
406,7324
1159,7325
2296,7325
3851,7325
7328,7325
7329,7325
3938,7325
7285,7330
7336,7335
216,7335
2013,7335
4174,7338
7341,7338
2,7344
4161,7344
2020,7344
7345,7344
2021,7344
112,3917
243,3917
7355,7354
1906,7356
1911,7356
7359,7356
1109,3669
3924,3669
7366,4772
7367,4772
1935,4772
1412,7368
3539,7370
66,7370
1934,7371
1935,7371
3940,3618
2230,3618
2207,3618
90,7378
5837,3047
7379,3047
7388,7380
1096,2035
2437,2035
2038,2035
2551,2035
5837,7387
7379,7387
7392,7391
3012,7391
7394,7391
4020,7396
7,7400
1053,7400
7401,5893
7402,5893
7288,7404
1327,2410
1328,2410
2411,3886
7409,3904
3905,2330
7414,7412
683,7416
7418,7416
7419,7416
6180,1457
219,1457
5535,1457
7423,1457
1597,1457
673,7424
7428,7424
7271,7424
3142,3794
540,3794
2067,3794
7429,3794
1517,3794
3563,3794
7428,3794
678,7432
679,7432
4758,7432
682,7432
5915,7432
2932,7432
993,7432
871,7432
1973,4377
5519,4377
284,4377
328,4377
7438,4377
6900,4396
540,4396
2210,4396
673,4396
1559,4396
1517,4396
549,4396
5269,4396
5889,7439
1504,4916
1917,4916
1919,4916
2133,4916
58,4916
411,4916
1084,4916
7448,4916
7451,4916
4049,4916
228,1371
1974,1371
234,1371
7466,1371
7469,1371
4306,1371
7472,1371
7474,1371
1127,1371
4392,1371
396,1371
444,7477
419,7477
3652,7477
823,7477
2594,7477
1399,7477
2174,7477
419,7167
679,7167
109,7167
3652,7167
463,7167
228,6035
827,6035
2131,6035
1935,6035
2774,1551
824,1551
450,1551
832,1551
2614,1551
1493,1551
232,7495
757,7496
2901,7500
7502,7501
272,6421
1734,7504
5726,5642
7506,7505
1858,7508
7517,7516
298,7522
6234,5108
6228,6227
7529,889
7238,889
1657,889
1688,7530
5084,1536
7538,2366
7541,7540
1675,7542
7543,7542
350,7542
5370,2387
7547,1776
3905,1776
1666,7548
4718,7548
1836,7556
7558,7556
482,489
2149,489
284,489
407,489
284,1618
7566,1618
1485,1618
1198,7567
5193,7567
6542,6155
64,6155
7573,6155
922,6155
6428,6155
78,498
33,498
66,498
3745,498
490,498
2555,7575
308,7575
1509,70
1516,70
615,70
3811,70
1637,7581
1422,73
3071,7585
1697,7585
7586,7585
285,2313
2133,3989
4572,3989
6257,3989
128,5997
6106,4147
6126,7594
7597,7596
5330,7611
5731,7612
6069,1510
1491,7622
7625,6075
5376,6075
5308,6075
5347,316
7,5282
3850,5282
1584,1595
307,7651
4576,7651
5181,7652
1946,5652
1819,5652
1833,1932
128,922
5049,922
5185,922
140,922
5826,982
1856,5576
5736,5576
1862,5576
889,5281
2396,5281
752,5281
354,5281
307,5281
7661,5281
3850,5281
7664,5281
1873,5281
822,2099
909,2099
253,2099
7667,2099
1601,2099
7604,1856
3899,1856
5081,7529
307,7671
1812,7671
1611,7674
1656,5807
5698,5807
350,5807
4715,7676
4440,5709
7601,5709
7679,7678
1510,5139
7683,5139
3372,5139
284,5139
1519,5139
4697,5139
1880,7687
2342,7687
1814,7690
69,7690
1650,7691
5053,7691
942,7702
6900,7702
33,7702
5172,7702
502,7702
1520,7702
1934,1210
946,6771
827,3800
3770,3800
705,3800
2807,3800
5654,1263
3967,1469
987,1220
470,1220
285,1220
2274,1220
7716,7025
7717,7025
611,7025
7718,3820
2939,7723
7724,7723
4922,7723
6478,7723
4924,7723
4926,7723
836,7723
29,7725
7728,7727
1188,7708
989,7708
3799,7708
827,7708
1230,7708
879,7735
7737,7736
46,7736
2222,7738
112,7743
133,1192
330,1192
2146,1192
1046,1192
2147,1192
2891,686
336,686
1489,686
4145,686
2221,5457
2222,5457
2224,5457
7738,5457
564,7744
2486,7744
675,7744
1215,7744
3360,6308
19,7749
4548,4588
2729,4588
7750,4588
4767,7751
2709,7755
2738,7755
2716,7755
885,7756
4259,7022
294,7022
3989,7758
111,7758
1519,7759
1822,2898
83,2898
115,2898
3273,2898
289,2898
5980,7761
420,2631
2624,7762
3301,1202
250,7770
232,7770
4561,7770
2105,7770
2623,7770
244,7770
2236,4551
78,4551
206,4551
209,4551
392,4551
2766,4551
951,7119
1975,4306
233,4306
2186,4306
1275,4306
7775,4306
2696,4306
1127,4306
3466,4306
1941,7776
5889,7776
556,7776
6252,7776
954,7776
951,7778
403,2744
525,2744
5999,7782
2632,7784
4295,7785
205,7785
927,7785
1046,7785
7787,7785
935,7785
526,3153
231,6414
7790,6414
711,7793
5970,7793
7794,7793
7796,7793
7797,7793
679,7800
1494,7800
7806,7804
75,7807
77,7807
1349,7807
90,7807
7810,7807
78,7812
1030,7166
993,7166
285,7166
1052,7045
204,7045
3610,7045
217,7045
2263,2468
7817,2468
445,2468
833,2468
455,2468
1268,2468
2187,6567
4392,6567
82,7818
403,7820
2635,7826
2636,7826
6001,7826
4248,7830
4208,3147
38,529
489,529
431,7833
272,7835
7836,7835
3083,7835
1014,3743
252,3743
916,3743
1974,3314
230,3314
7840,3314
1439,3314
1446,3314
827,7842
587,583
1566,2694
110,2694
2841,2694
2842,2694
7844,7843
1107,1564
1566,1564
2794,1564
3923,1564
2440,2444
3298,2444
2442,2444
1545,2444
7487,2444
838,2444
419,1488
2292,1488
838,1488
5687,7850
104,7850
7851,7850
1243,7850
2656,2670
58,2670
7852,2670
2,3091
7854,7853
285,6404
1230,6404
334,1066
1046,1066
341,1066
2147,1066
3234,1066
1242,1066
3324,1066
427,7856
2838,4647
1940,4647
7121,4647
369,3476
3403,3406
3405,3406
4349,3406
1260,3406
7859,2852
968,2852
2181,7861
7863,2679
7865,2679
4185,2679
41,2826
42,2826
2600,7091
5658,7091
406,2618
2594,7868
32,2478
253,2478
912,2478
38,945
951,945
285,945
1132,945
464,1378
5519,7117
234,7117
2838,7117
1940,7117
4648,7117
2518,3094
7874,7873
7875,7873
307,7873
3372,7873
33,1565
59,1565
39,1565
420,1078
1042,1078
419,3655
705,3655
2445,3655
328,7894
1014,2763
1394,7897
7899,3260
950,2664
66,3540
3273,7904
2183,4151
83,4151
32,914
78,914
82,914
253,914
78,7912
82,7912
111,7912
91,7912
1948,7912
5694,7921
232,7924
7925,7924
244,7924
7747,7748
296,7940
278,7941
1589,7941
1140,928
2758,928
1879,928
81,928
910,928
86,928
7948,928
168,928
95,928
1917,3386
2133,3386
419,1033
4244,1033
5514,1033
7953,1033
6426,1033
7773,6104
7676,6104
7959,6104
1314,7960
7963,679
140,679
470,679
993,679
285,679
1399,679
263,7964
32,7964
83,7964
1706,7964
1516,1026
38,1026
504,1026
1914,1026
2133,531
2083,7968
1139,711
79,711
82,711
2252,711
253,711
87,711
90,711
100,711
1600,984
87,984
2745,984
5633,565
5258,64
5286,64
5033,747
7626,7981
2005,7981
5,7981
1053,7981
1872,7981
3884,7981
3704,6134
1815,7983
5579,7983
2126,564
5295,6107
5561,6107
4690,6107
741,13
6439,13
5,13
3884,6203
6433,5767
7985,7984
4514,7984
5753,7989
2396,7990
7991,7990
15,7990
1051,7992
2396,7992
752,7992
2006,7992
7,7992
5060,7992
158,417
148,417
1067,417
7996,7994
5381,8006
5731,7724
1590,1243
1870,1858
8010,6082
8012,8011
1903,8011
730,733
734,733
690,733
3232,5021
2889,5021
1169,5021
111,5021
2891,5021
2987,5021
7908,4909
1066,4909
448,4909
3685,3309
2152,3309
3687,3309
2153,3309
2706,3309
4350,3309
2155,3309
2028,3309
711,8024
8025,4944
3693,4944
804,4944
280,4944
315,4944
8028,4944
6900,8030
540,8030
33,8030
7489,8030
45,8030
545,8030
49,8030
8034,6508
38,6508
2474,6508
2300,6508
8037,8036
230,8036
8038,8036
1917,8036
711,8036
2979,8036
2099,8041
652,8041
263,5019
169,5019
5008,8046
8047,8046
5017,8046
4862,8046
169,8046
2478,8046
2075,8046
6333,7027
2832,7027
1094,7027
2976,8053
530,8053
1028,8053
8057,8053
3215,8058
8061,8058
1040,4910
8065,4910
4606,4910
118,5028
156,5028
7963,5028
124,5028
78,5028
32,5028
164,5028
129,5028
132,5028
464,5028
140,5028
4606,5028
8070,8068
464,8076
1052,8076
2522,8076
2642,8076
386,8076
3580,8076
7045,8076
336,8077
142,8077
145,8077
3232,5016
172,5016
8078,5016
8079,5016
4606,5016
5607,8080
6682,8080
431,8080
470,8080
1193,1015
638,1563
1574,1563
269,1563
270,1563
8095,8094
6270,8094
705,838
2638,838
2758,2761
1667,2761
3764,8098
1556,7293
162,2584
5762,2584
79,2584
100,2584
2737,4017
3756,4017
8105,4017
2020,4017
3938,4017
78,44
82,44
6092,4162
5172,4162
2836,4162
1118,6697
7836,6697
4801,6697
228,4307
230,4307
231,4307
1270,4307
2186,4307
1371,4307
246,4307
4596,4307
1124,8107
5276,8107
560,8109
7814,5425
7504,5425
8113,5425
250,8114
232,8114
835,8114
2614,8114
1400,8114
137,8117
832,8117
833,8117
74,8117
285,8117
3656,8117
1417,8119
8121,8119
1456,8119
3610,8122
6424,8127
587,8127
8129,8128
1045,8128
5985,8128
871,8128
4278,8133
259,1216
411,1216
661,1216
1375,1380
1564,1380
131,1380
3102,1380
335,1380
334,1380
2615,1380
445,4246
2481,4246
3240,4246
8138,8137
3207,8137
881,8137
232,4618
6305,3123
8140,3123
2461,8049
4862,8049
2075,8049
2618,3342
406,3342
2615,3342
3580,1217
2939,6835
263,6835
5232,6835
46,4382
841,4382
49,4382
1579,4382
8145,3422
8146,3162
2034,3162
428,4595
369,8148
133,8148
462,8148
4138,8148
334,8148
3713,8148
244,8148
4863,8148
933,8148
431,8150
112,1236
244,1236
3393,3189
2521,3189
285,3189
867,3189
871,3189
2219,8155
878,8155
2224,8155
3819,8156
3820,8156
4268,8156
679,3497
450,3497
838,3497
2287,5462
804,5462
951,5462
5464,5462
4981,5462
6797,5462
3219,3218
3283,8164
1618,7163
1007,7163
411,7163
38,7163
1914,7163
2617,8167
369,4986
991,4986
608,4986
2707,4986
679,4795
464,4795
450,4795
587,4795
829,4795
832,4795
2143,4795
2105,7074
3301,7074
494,8169
6305,8169
4746,6367
3215,6367
6771,6367
1220,1219
419,8171
996,8171
2181,8171
8172,5005
231,5005
2602,5005
233,5005
8174,5005
8175,5005
5520,5005
8145,5005
2160,5005
2652,8176
3651,8177
2257,8177
827,8177
3162,8177
1551,8177
3800,7050
244,7050
1140,8182
711,8182
8183,8182
8184,8182
339,8182
2196,8182
2262,8182
8186,8185
2782,6738
3019,6722
1054,6722
2666,6722
8196,8195
7880,3493
33,3493
7881,3493
2570,8200
998,8203
997,8203
1004,8203
1078,3782
2731,3782
7753,3782
873,3782
884,3782
2785,8208
4964,6410
710,1264
262,1264
7433,8213
2220,8213
3300,8213
2098,8213
2442,8213
902,8213
7432,8213
2439,8213
1578,8213
623,8213
871,8213
112,8220
470,8220
2145,8220
1377,1376
2591,1376
369,1376
262,1376
200,1376
2873,8225
8227,8225
8228,8225
8229,8045
8230,8045
1915,8231
4015,8231
2568,8231
607,8231
7290,8235
8236,8235
2134,8235
4497,8235
1084,8235
3431,8237
2665,4341
3431,4341
8241,8240
124,8242
450,8242
39,8242
336,8242
886,8242
756,3210
3970,3210
790,3210
87,1583
2996,5513
2104,5513
431,2628
369,2628
705,2628
2015,592
597,592
2021,592
885,592
4138,4137
1385,4137
1141,8258
1140,6313
2152,6313
2296,2299
208,2299
37,2299
3947,2043
182,58
540,58
33,58
5172,58
3924,4206
4511,5883
3245,8264
3372,8264
5200,8264
5087,8265
744,776
292,776
2739,776
411,776
765,776
6,776
8,776
1053,776
782,776
784,776
6203,776
15,776
294,776
494,2203
8269,2203
5227,2203
4813,2636
8273,2636
419,2636
445,2636
112,2636
450,2636
2692,2636
116,2636
705,2636
419,2028
83,2028
824,2028
2152,2028
2155,2028
2156,2028
427,2028
1399,2028
922,7786
124,7786
133,7786
336,7786
339,7786
144,7786
2147,7786
2176,4091
83,4091
2178,4091
705,4091
996,4091
308,8278
316,8278
813,560
280,560
556,560
69,8281
2486,8282
244,8282
8283,7323
336,7323
8246,6357
422,1014
1020,1014
748,2946
8286,2946
232,3240
584,3240
4401,3240
871,3240
8291,8289
419,927
112,927
831,927
3539,488
8293,846
2199,846
1286,846
411,846
66,846
8295,846
2267,3910
235,3910
765,2760
8,2760
229,8298
1977,8298
5658,2600
1917,8302
2133,8302
411,609
182,8305
77,8305
905,3473
1169,3473
41,3473
470,3473
1567,5459
2516,5459
4772,5459
478,5459
285,4416
124,2529
32,2529
78,2529
80,2529
464,2529
140,2529
716,2529
2112,2529
148,2529
341,2529
8316,2529
1014,8317
1015,8317
3925,8321
3867,8322
8324,8322
6117,6557
4924,6557
8328,4060
3630,4060
525,4060
2263,4011
912,4011
579,4011
261,4011
661,3010
322,8331
3083,4963
1416,554
272,554
3694,554
279,554
1098,554
285,554
4404,554
272,3078
8336,3078
289,3078
2713,3041
4212,3041
2527,2528
2216,2218
2217,2218
419,8341
2774,8341
109,8341
2173,8341
993,8341
1550,8341
1399,8341
1494,8341
720,8342
301,8355
297,8355
8357,8356
7365,8358
8359,4941
1618,8361
7428,8361
1290,8361
1485,8361
232,749
750,749
292,749
1475,4617
8362,4617
4556,4617
827,8363
3240,8363
3920,8363
2482,3675
445,3675
455,3675
456,3675
1046,8368
1404,8368
2133,8372
330,8377
2695,8377
1911,8377
221,1003
280,4981
8382,8381
8383,8381
856,1283
369,1283
2861,8385
1618,8385
1025,8385
6378,8385
273,767
8,767
1574,767
12,767
784,767
269,767
13,767
263,8387
2076,8387
5762,8387
928,8387
8229,8389
8390,8389
8396,8394
8397,8394
2,4886
4576,4886
3930,3299
245,3299
538,8406
8407,8406
3872,8070
8413,8070
78,7035
82,7035
169,7035
5971,7035
100,7035
1014,8418
8419,8042
128,8042
370,8042
371,8042
8423,8042
144,8042
431,3277
1172,8426
1173,8426
8428,8426
158,6029
78,6029
711,6029
82,6029
369,6029
464,6029
172,6029
144,6029
340,6029
2522,6029
4012,6029
1245,6029
2627,6029
817,3107
3292,4808
523,4808
970,4808
3283,4808
1054,4808
115,8436
6270,8436
3487,8436
2924,8436
620,8441
817,8441
1162,8441
1163,8441
932,8441
1971,1447
8442,1447
7234,1447
1980,1447
1314,1447
1454,1447
998,8447
6088,8448
6089,8448
7402,8448
8449,8448
7233,8448
5893,8448
7420,8450
310,8450
8455,8453
8456,8453
3790,8459
1175,8460
679,8465
823,8465
2892,8465
427,8465
8468,4814
8469,4814
285,4814
1111,8471
4468,8471
296,8471
5763,8471
3466,8032
1040,4408
78,4408
82,4408
8474,4408
330,4408
929,4408
463,4408
1189,4408
1404,4408
144,4408
3324,4408
3200,4408
998,7082
997,7082
2153,7082
2704,7082
3308,7082
1135,7082
2028,7082
1040,8477
172,8477
3557,8480
8484,8483
3506,8483
232,8483
5635,8483
679,8483
2441,8483
6936,8483
825,8483
1275,8483
7432,8483
8488,8483
3930,8483
244,8483
2994,8483
2697,8483
8490,8489
272,8489
699,8489
702,8489
3075,8489
2662,8489
279,8489
3083,8489
1262,8489
717,8489
4870,8491
2632,8491
4871,8491
2633,8491
7082,8495
3620,8495
3142,8495
998,8495
8496,8495
1013,8495
8497,8495
1004,8495
8498,8495
5784,8495
1135,8495
3151,8499
2977,8499
7703,8499
530,8499
4908,7134
32,7134
83,7134
3749,7134
464,7134
1240,7134
7096,7134
8479,7134
3650,8503
823,8506
828,8506
831,8506
834,8506
835,8506
2292,8506
4369,7009
1366,7009
1915,7009
3600,7009
4829,7009
1557,7009
608,7009
32,8513
825,8513
464,8513
1196,8513
845,8515
411,8515
819,8515
4049,8515
796,8515
7050,8516
3652,8516
823,8516
827,8516
1045,8516
5915,8516
244,8516
4933,8516
3118,8516
7762,8516
1578,8516
871,8516
8132,8516
33,8520
1240,8520
262,8520
3432,8520
51,8520
8524,8523
6338,8523
5491,8523
3161,8523
6264,8523
8525,8523
2515,8527
878,8527
4602,8534
4198,8534
523,8534
7779,8534
1102,8534
817,8534
405,8534
6694,8534
8536,8534
5918,8534
3153,8534
369,8537
2520,8537
1044,8537
5744,8552
1650,4468
1778,4468
1651,4468
1649,4468
1695,123
2400,8571
8578,8577
5751,8581
1838,8583
1840,8583
4494,8583
8568,8589
1650,7536
1778,7536
1651,7536
261,8595
78,153
334,153
493,497
419,2597
705,2597
705,2597
8340,8604
82,8604
886,8604
42,8607
615,1517
6428,1517
2330,8619
1778,8620
1652,8620
1805,8620
5638,5627
3489,5627
5269,6338
856,8627
5267,5268
8638,8637
3412,8380
4119,8644
3984,3957
4755,3957
7660,3957
2362,8655
2333,8655
3710,8659
5815,8659
4807,8660
8475,8661
548,88
1839,1313
115,1313
8668,8667
7568,7570
8669,7570
5194,7570
4665,8671
4690,8672
307,7295
1463,7295
1850,7295
5792,1952
1822,7962
6073,7962
296,326
1650,326
6903,8681
5834,8681
8682,8681
2402,8681
1737,8681
5324,8681
1063,8681
8685,3930
2133,3930
4701,3930
3708,3930
1797,377
1510,4329
8691,4329
5122,4329
69,4329
925,6191
1901,6191
7,6191
3884,6191
8695,6191
7624,7864
7295,5477
39,8706
819,8706
8708,8710
1821,8711
5579,8711
2555,8711
1555,8711
85,4018
8712,4018
88,4018
2578,4018
4912,298
8752,8751
275,1440
307,8755
741,6202
2085,6202
5060,6202
3850,6202
3489,5638
5056,6130
15,8649
4690,5295
2133,614
8766,5614
148,5614
2015,8767
317,8772
148,2146
8773,5584
1051,8774
308,8774
1053,8774
3883,8774
7242,8779
1706,5258
7617,8193
1872,8783
1915,7665
741,788
856,7986
5101,7986
1331,4065
2406,6126
5081,1841
4931,3785
1635,3785
2354,3785
1778,3646
8017,8804
2400,8805
5743,8811
8816,8817
1592,2344
1685,1717
1592,1844
1767,2079
3901,2079
2352,1491
1695,8854
1759,5381
8861,5116
5104,8864
3646,1804
2450,1804
307,7664
1741,8869
360,1887
1963,1967
1946,7662
8015,8879
1748,8882
1751,8882
3825,8884
4690,8884
4501,8884
8584,8884
284,8886
1693,8888
1880,1883
1882,1883
241,238
243,238
871,238
2582,8897
8901,8898
905,4248
1169,4248
111,4248
3870,2245
6080,6021
1839,8918
8923,8921
4503,8925
8926,8925
8900,8929
5118,6179
1915,8784
4020,7263
1667,8930
1810,8932
1812,8932
5142,8939
8475,2080
4539,7970
39,8765
148,8948
264,8952
2015,8960
4531,8968
1994,8968
3368,5578
3372,5578
3838,7978
8995,8994
2346,5695
3875,7809
5723,3950
296,5769
9000,2116
1652,2116
275,3884
1822,668
2133,668
1206,668
1631,668
4445,9005
1980,1975
5367,1559
7683,1559
673,1559
38,1559
5122,1559
6094,1559
9010,9009
4227,9009
9011,9009
1656,9009
9012,9009
2133,299
523,299
5763,8498
1994,2816
4540,3477
1468,3477
3489,3477
1775,1089
411,1089
1167,1089
2519,7184
1309,3834
1159,5579
284,5579
7557,3623
9015,9014
9016,9014
7242,9014
69,9017
82,593
1966,593
9031,593
3838,593
932,593
5241,9032
5232,263
122,263
1159,263
82,263
83,263
206,263
2146,263
8712,263
